image: map.pgm
resolution: 0.05
# origin: [-6.50, -0.98, 0.000000]
origin: [-6.50, -0.50, 0.000000]
negate: 0
occupied_thresh: 0.65
free_thresh: 0.196

